931 61 947 61 949 82 948 97 940 121 939 134 936 152 935 163 936 174 938 185 940 191 934 196 926 197 914 199 907 201 901 202 888 179 903 172 911 167 917 163 916 157 918 149 921 137 925 129 926 118 931 102 932 94 931 82
748 38 756 66 763 96 767 112 770 125 781 123 791 142 802 165 811 159 822 153 827 149 844 142 852 137 869 128 874 123 875 113 875 95 878 68 878 59 853 60 830 62 830 50 831 35 812 35 800 35 792 38 769 38
801 162 807 174 812 185 820 196 826 208 829 214 828 223 831 234 846 229 859 222 864 218 866 214 873 209 886 203 901 202 889 179 899 174 919 162 913 151 906 138 882 150 870 157 870 140 870 125 834 146 821 149 817 155
866 218 863 246 863 262 862 274 862 288 861 303 860 313 862 320 870 322 870 335 873 346 877 354 873 361 858 356 850 356 842 356 831 353 820 343 808 329 814 320 814 314 814 306 805 310 798 312 791 315 779 320 773 313 762 300 760 290 760 270 761 266 775 258 785 254 801 245 816 238 826 236 833 240 841 238 842 230 854 223
680 309 694 301 704 295 716 289 725 284 734 278 745 274 760 267 761 281 761 293 762 298 774 311 779 319 787 315 801 312 814 306 818 316 809 327 796 347 782 370 778 376 788 406 759 406 742 407 733 408 725 407 718 398 714 390 710 383 702 369 694 356 689 348 688 340 688 330 690 324 694 318 692 310
647 222 669 210 692 198 716 186 724 198 737 223 751 250 761 266 738 278 716 289 702 298 695 289 688 282 681 274 670 263 659 242
781 122 786 131 794 146 782 152 762 162 737 175 725 182 717 186 702 194 682 204 665 214 649 222 646 216 640 205 628 183 665 164 686 154 707 142 718 135 751 128
578 258 579 274 583 276 594 298 611 328 602 332 590 338 572 348 555 357 543 364 537 353 528 336 519 318 514 314 510 306 502 294 518 286 522 287 540 278
558 374 588 356 617 342 641 329 665 317 682 308 693 307 694 322 690 328 690 338 690 347 699 364 714 388 727 410 707 409 690 409 676 409 667 409 662 417 612 415 610 394 608 372 590 374 567 375
591 414 630 414 642 415 661 415 666 409 674 409 683 409 708 408 719 408 734 407 748 406 769 406 788 406 794 420 796 436 796 446 798 455 786 469 776 481 774 471 772 466 757 466 723 466 696 467 683 467 667 468 653 468 639 469 629 470 622 461 617 452 608 438 599 425
433 331 462 317 484 306 506 296 514 312 518 314 544 362 537 366 510 381 498 388 480 397 478 386 469 390 466 385 440 386 428 362 446 352
451 412 466 404 482 394 502 385 527 371 572 347 609 328 616 342 591 356 574 366 558 374 571 374 594 373 610 372 611 394 613 414 576 413 556 413 537 412 509 412 484 412
808 329 819 341 830 352 838 354 845 354 851 355 858 355 869 358 876 362 894 362 894 376 895 395 878 398 865 394 862 402 850 426 838 451 831 464 827 475 818 473 814 468 807 467 802 470 798 465 795 455 794 447 794 434 796 423 792 417 790 407 787 398 783 386 782 374 794 353 795 350
414 461 414 432 444 417 452 412 466 411 495 411 517 411 538 412 549 412 572 413 590 412 601 430 608 442 617 454 628 470 602 470 577 470 554 470 542 471 518 472 492 473 475 474 453 474 452 459
486 306 480 294 474 287 493 278 489 269 482 258 502 248 516 241 530 233 550 223 570 213 577 211 608 195 629 184 649 222 633 230 610 242 586 255 570 262 520 290 517 288 506 294 504 298
599 123 627 108 653 94 686 75 704 66 711 61 709 48 706 40 727 38 748 25 755 54 763 85 768 107 772 124 756 126 734 131 720 134 706 142 690 150 674 160 665 144 658 132 653 119 638 129 621 137 609 145
717 186 735 176 763 161 793 146 802 161 806 170 815 187 822 196 829 212 831 234 804 247 797 248 790 251 759 267 753 254 743 237 730 212 724 199
588 254 618 238 649 221 660 242 670 260 680 273 692 286 703 297 690 303 674 311 652 323 636 332 616 343 607 325 601 312 595 300 589 290 583 279 580 272 580 265 579 260
506 223 495 202 486 184 518 166 541 154 550 172 562 166 586 154 608 142 636 127 653 118 659 130 663 138 674 158 665 164 647 174 626 185 610 194 578 211 573 211 549 224 525 237 515 218
438 385 403 386 392 366 385 352 376 336 367 318 410 297 435 283 460 270 482 259 493 278 474 286 486 306 467 315 451 322 436 331 446 351 426 362
332 474 326 435 322 415 319 391 341 390 358 388 385 386 395 386 402 385 410 386 420 386 426 385 445 384 470 383 470 386 480 383 482 394 462 405 437 418 413 431 394 441 365 456
342 262 376 243 414 222 454 200 486 184 497 202 506 221 514 215 527 237 509 246 486 257 481 260 471 265 442 282 431 287 414 295 368 319 359 302 353 290 347 275
644 469 677 467 698 467 734 466 774 466 778 502 766 499 744 496 743 503 750 507 721 541 699 566 678 562 662 560 635 558 638 526 642 483
307 488 346 467 370 454 384 448 383 511 384 534 384 562 350 580 307 602 307 529
234 528 267 510 310 487 310 536 309 602 274 620 234 642 233 582
550 14 608 14 666 14 646 41 630 40 636 52 644 70 654 94 629 106 599 123 594 110 587 96 579 78 571 60 561 39 552 19
463 15 508 15 551 15 557 26 563 41 570 55 579 76 592 105 603 129 610 142 597 149 576 159 558 170 550 174 542 158 541 150 537 141 526 122 517 106 525 102 533 98 522 77 514 59 506 38 483 39 463 41
628 41 669 38 695 38 709 40 710 48 714 62 684 78 653 95 648 85 643 74 636 56
378 124 397 114 418 104 450 87 486 70 513 56 526 82 534 98 518 107 528 127 543 154 511 171 481 188 464 196 446 206 442 196 436 185 429 175 407 185 402 174 402 167 397 155 391 146
343 61 363 95 382 130 406 170 402 171 406 180 407 183 430 174 449 204 418 222 384 240 342 264 345 227 345 198 345 171 344 138 343 98 342 73
217 258 271 258 316 259 342 259 343 270 367 320 402 386 371 387 330 389 320 390 316 391 286 394 258 394 238 396 217 398 217 364 217 319
218 396 256 394 319 392 325 428 333 471 304 486 276 502 258 511 235 522 229 486 221 442 215 415
412 459 431 459 454 459 454 472 486 472 522 471 554 470 551 491 548 493 550 497 545 509 541 522 534 537 526 554 518 547 510 541 502 535 501 538 499 555 497 574 464 573 454 573 443 572 430 571 414 571 414 536 413 495
550 490 553 470 580 470 598 470 612 470 631 470 644 468 643 478 642 490 642 504 638 526 635 562 633 587 632 606 628 614 616 618 601 614 588 610 569 604 551 598 545 595 530 589 513 581 496 574 502 534 526 554 532 540 542 515 550 495 553 497 555 492
664 560 698 564 704 566 725 568 762 572 784 578 781 607 778 630 775 630 757 630 748 629 734 627 719 627 698 625 684 624 663 622 654 621 664 609 649 607 630 606 634 577 634 557
700 566 727 535 750 507 741 505 742 494 760 497 776 500 774 482 786 470 795 458 798 465 806 472 811 476 825 478 814 504 805 527 796 547 786 575 765 571 758 572 730 569 714 567
865 216 882 206 906 203 925 201 939 199 942 229 942 249 945 272 947 301 925 306 911 309 910 321 906 351 890 353 877 354 873 351 871 346 870 331 868 316 860 320 862 294 863 252
158 568 192 550 234 528 234 565 234 600 234 642 199 660 158 682 159 641 158 594
83 722 83 661 84 607 122 587 159 567 160 618 159 682 126 699
8 646 43 627 86 605 85 666 85 719 47 740 8 761 8 727 9 698 8 674
138 454 165 441 191 426 207 418 216 412 224 453 231 491 238 523 209 538 171 557 164 527 159 502 147 509 143 487
74 486 112 468 141 454 145 482 149 506 160 501 170 543 173 557 154 566 130 578 106 591 87 600 84 566 81 537 78 513 76 499
2 522 38 504 78 485 82 536 90 599 78 606 48 621 8 641 7 622 6 599 5 572 4 559 2 542
217 169 280 169 343 168 343 218 344 260 278 260 217 260 218 246 217 207
654 620 674 622 697 624 726 626 748 628 753 630 778 629 774 658 771 682 769 702 753 698 740 695 723 692 691 687 663 682 639 679 621 676 603 673 636 639
609 674 630 677 655 681 706 688 739 694 735 718 731 747 707 743 691 741 690 753 667 749 667 755 641 751 631 750 633 739 626 738 614 736 604 735 606 715 608 691
586 812 592 773 596 750 598 741 603 737 612 734 622 736 634 737 633 750 649 750 665 754 667 747 677 749 689 750 690 740 710 742 731 746 743 748 761 750 756 785 753 809 750 832 729 832 721 832 693 828 651 822 619 817
580 822 654 830 718 838 746 837 743 854 740 876 716 877 680 874 641 871 614 870 581 866 580 842
579 867 599 869 633 871 655 874 686 875 710 877 742 878 735 913 722 987 698 987 690 987 649 959 610 934 580 914
345 62 344 35 402 35 407 47 504 38 512 57 472 75 431 94 402 110 379 123 358 87
498 581 521 587 543 594 569 603 596 612 618 619 602 657 586 694 567 684 535 666 516 657 512 639 505 611
440 575 470 578 499 580 504 600 510 621 514 639 518 655 505 672 488 696 466 726 447 721 446 691 444 658 442 622 441 586
517 655 550 673 586 693 561 721 542 744 503 734 466 724 492 689
