27 35 30 35 40 40 40 50 45 45 55 55 40 55 45 40 35 45 45 50 60 50 50 80 90 45 50 45 55 55 55 65 60 55 55 50 40 100 110 120 70 100 110 60 80 85 90 105 115 60 60 60 65 
35 27 30 35 40 35 30 45 45 45 50 50 40 55 40 30 30 40 35 45 50 40 50 70 80 35 35 35 40 45 60 55 55 55 55 50 40 90 100 110 60 90 100 50 80 85 90 105 115 45 60 60 65 
30 30 27 30 35 35 35 45 40 40 50 50 35 50 40 35 30 40 40 50 55 50 45 70 80 40 40 40 45 50 55 60 55 50 50 45 30 90 100 110 65 90 100 55 80 85 90 105 115 50 55 60 60 
35 35 30 27 30 30 35 40 35 35 45 40 30 40 40 40 30 35 40 50 50 50 40 70 80 45 50 45 50 55 60 55 45 45 45 40 30 90 100 110 60 90 100 60 70 75 80 95 105 55 50 50 55 
40 40 35 30 27 30 35 35 30 30 40 35 30 35 35 40 30 30 40 45 45 45 35 65 75 45 45 45 45 50 50 50 40 40 40 35 35 85 95 105 55 85 95 55 60 65 70 85 95 50 45 50 50 
40 35 35 30 30 27 30 35 35 35 40 40 35 40 35 35 30 30 35 45 45 40 40 65 75 40 40 40 45 50 50 50 45 40 45 40 35 85 95 105 55 85 95 55 70 75 80 95 105 50 50 55 55 
40 30 35 35 35 30 27 35 35 40 40 40 40 45 30 30 30 30 30 40 45 40 45 65 75 35 35 35 40 40 45 50 50 45 50 45 40 85 95 105 55 85 95 50 80 85 90 105 115 45 50 55 55 
50 45 45 40 35 35 35 27 30 35 30 30 40 35 30 40 40 30 35 35 35 35 40 55 65 45 40 45 40 40 40 40 40 40 45 45 45 75 85 95 45 75 85 45 70 75 80 95 105 45 45 45 50 
45 45 40 35 30 35 35 30 27 30 35 30 35 35 35 45 40 30 40 40 35 40 35 55 65 45 45 45 45 50 45 40 40 35 40 40 40 75 85 95 45 75 85 50 60 65 70 85 95 50 40 40 45 
45 45 40 35 30 35 40 35 30 27 35 30 30 30 40 45 35 35 45 40 35 45 30 55 65 50 45 50 45 50 45 40 35 30 35 35 40 75 85 95 45 75 85 50 60 65 70 85 95 50 35 40 40 
55 50 50 45 40 40 40 30 35 35 27 30 45 35 30 40 45 35 35 30 30 35 40 50 60 45 40 50 40 40 35 35 40 40 45 45 50 70 80 90 40 70 80 40 70 75 80 95 105 45 45 45 50 
55 50 50 40 35 40 40 30 30 30 30 27 40 30 35 40 40 30 40 35 30 40 35 50 60 45 45 50 45 45 35 35 35 35 40 40 45 70 80 90 40 70 80 45 60 65 70 85 95 50 40 40 45 
40 40 35 30 30 35 40 40 35 30 45 40 27 40 40 45 35 35 40 50 45 50 35 65 75 50 50 50 50 55 55 50 40 35 35 30 30 85 95 105 55 85 95 60 60 65 70 85 95 55 40 45 45 
55 55 50 40 35 40 45 35 35 30 35 30 40 27 40 50 45 35 45 35 30 40 35 50 60 55 50 55 50 45 35 35 30 30 40 40 45 70 80 90 40 70 80 40 60 65 70 85 95 55 35 35 40 
45 40 40 40 35 35 30 30 35 40 30 35 40 40 27 35 35 30 30 30 35 30 45 55 65 40 35 40 35 35 35 40 45 45 50 50 45 75 85 95 45 75 85 40 70 75 80 95 105 40 50 50 55 
40 30 35 40 40 35 30 40 45 45 40 40 45 50 35 27 35 35 30 40 45 35 50 65 75 30 30 30 35 40 40 50 50 50 55 50 45 85 95 105 55 85 95 45 80 85 90 105 115 40 55 55 60 
35 30 30 30 30 30 30 40 40 35 45 40 35 45 35 35 27 35 35 50 50 45 40 70 80 40 40 40 45 50 50 55 45 45 45 40 35 90 100 110 60 90 100 50 70 75 80 95 105 50 50 50 55 
45 40 40 35 30 30 30 30 30 35 35 30 35 35 30 35 35 27 35 40 40 35 40 60 70 45 40 45 40 40 45 45 40 40 45 40 40 80 90 100 50 80 90 45 70 75 80 95 105 45 45 45 50 
45 35 40 40 40 35 30 35 40 45 35 40 40 45 30 30 35 35 27 35 40 30 50 60 70 35 30 35 30 35 35 40 50 50 55 50 45 80 90 100 45 80 90 40 80 85 90 105 115 35 55 55 60 
50 45 50 50 45 45 40 35 40 40 30 35 50 35 30 40 50 40 35 27 30 30 45 50 60 45 40 50 35 35 30 35 40 45 50 50 55 70 80 90 40 70 80 35 70 75 80 95 105 40 50 45 50 
60 50 55 50 45 45 45 35 35 35 30 30 45 30 35 45 50 40 40 30 27 35 40 40 50 50 45 55 40 40 30 30 35 35 40 45 50 60 70 80 35 60 70 35 70 75 80 95 105 45 45 40 45 
50 40 50 50 45 40 40 35 40 45 35 40 50 40 30 35 45 35 30 30 35 27 50 55 65 40 35 45 30 30 30 40 45 50 55 55 50 75 85 95 45 75 85 30 80 85 90 105 115 35 55 50 55 
50 50 45 40 35 40 45 40 35 30 40 35 35 35 45 50 40 40 50 45 40 50 27 60 70 60 55 55 55 55 50 45 35 30 30 30 45 80 90 100 50 80 90 55 45 50 55 70 80 60 35 35 40 
80 70 70 70 65 65 65 55 55 55 50 50 65 50 55 65 70 60 60 50 40 55 60 30 35 70 60 70 60 55 45 35 50 50 55 60 65 45 55 65 45 55 65 50 70 75 80 95 105 60 55 55 65 
90 80 80 80 75 75 75 65 65 65 60 60 75 60 65 75 80 70 70 60 50 65 70 35 30 75 70 75 65 60 45 40 55 55 60 65 70 35 45 55 35 45 55 50 70 75 80 95 105 65 60 60 65 
45 35 40 45 45 40 35 45 45 50 45 45 50 55 40 30 40 45 35 45 50 40 60 70 75 27 30 30 35 40 45 55 60 60 60 60 45 75 85 95 60 75 85 45 80 85 90 105 115 35 65 65 70 
50 35 40 50 45 40 35 40 45 45 40 45 50 50 35 30 40 40 30 40 45 35 55 60 70 30 27 35 30 35 40 45 55 55 60 55 45 80 90 100 50 80 90 40 80 85 90 105 115 30 60 60 65 
45 35 40 45 45 40 35 45 45 50 50 50 50 55 40 30 40 45 35 50 55 45 55 70 75 30 35 27 40 45 50 55 55 55 60 55 45 85 95 105 60 85 95 50 80 85 90 105 115 40 60 60 65 
55 40 45 50 45 45 40 40 45 45 40 45 50 50 35 35 45 40 30 35 40 30 55 60 65 35 30 40 27 30 35 40 55 55 60 55 50 75 85 95 45 75 85 35 80 85 90 105 115 30 60 60 65 
55 45 50 55 50 50 40 40 50 50 40 45 55 45 35 40 50 40 35 35 40 30 55 55 60 40 35 45 30 27 30 35 50 50 60 60 55 75 85 95 40 75 85 30 80 85 90 105 115 30 55 55 60 
55 60 55 60 50 50 45 40 45 45 35 35 55 35 35 40 50 45 35 30 30 30 50 45 45 45 40 50 35 30 27 30 40 40 45 50 60 45 55 65 35 45 55 30 80 85 90 105 115 35 45 45 50 
65 55 60 55 50 50 50 40 40 40 35 35 50 35 40 50 55 45 40 35 30 40 45 35 40 55 45 55 40 35 30 27 40 45 50 50 55 40 50 60 30 40 50 35 70 75 80 95 105 45 50 45 50 
60 55 55 45 40 45 50 40 40 35 40 35 40 30 45 50 45 40 50 40 35 45 35 50 55 60 55 55 55 50 40 40 27 30 35 40 50 65 75 85 45 65 75 45 60 65 70 85 95 55 35 30 35 
55 55 50 45 40 40 45 40 35 30 40 35 35 30 45 50 45 40 50 45 35 50 30 50 55 60 55 55 55 50 40 45 30 27 30 35 45 65 75 85 50 65 75 45 45 50 55 70 80 60 30 35 35 
55 55 50 45 40 45 50 45 40 35 45 40 35 40 50 55 45 45 55 50 40 55 30 55 60 60 60 60 60 60 45 50 35 30 27 30 45 70 80 90 50 70 80 50 35 40 45 60 70 65 35 40 40 
50 50 45 40 35 40 45 45 40 35 45 40 30 40 50 50 40 40 50 50 45 55 30 60 65 60 55 55 55 60 50 50 40 35 30 27 40 75 85 95 55 75 85 55 40 45 50 65 75 60 40 45 45 
40 40 30 30 35 35 40 45 40 40 50 45 30 45 45 45 35 40 45 55 50 50 45 65 70 45 45 45 50 55 60 55 50 45 45 40 27 80 90 100 60 80 90 55 70 75 80 95 105 55 50 55 55 
100 90 90 90 85 85 85 75 75 75 70 70 85 70 75 85 90 80 80 70 60 75 80 45 35 75 80 85 75 75 45 40 65 65 70 75 80 30 35 45 35 35 45 50 70 75 80 95 105 60 70 70 75 
110 100 100 100 95 95 95 85 85 85 80 80 95 80 85 95 100 90 90 80 70 85 90 55 45 85 90 95 85 85 55 50 75 75 80 85 90 35 30 35 35 35 35 60 80 85 90 105 115 70 80 80 85 
120 110 110 110 105 105 105 95 95 95 90 90 105 90 95 105 110 100 100 90 80 95 100 65 55 95 100 105 95 95 65 60 85 85 90 95 100 45 35 30 40 35 35 70 80 85 90 105 115 75 90 90 95 
70 60 65 60 55 55 55 45 45 45 40 40 55 40 45 55 60 50 45 40 35 45 50 45 35 60 50 60 45 40 35 30 45 50 50 55 60 35 35 40 27 35 45 40 70 75 80 95 105 50 50 50 55 
100 90 90 90 85 85 85 75 75 75 70 70 85 70 75 85 90 80 80 70 60 75 80 55 45 75 80 85 75 75 45 40 65 65 70 75 80 35 35 35 35 30 35 50 80 85 90 105 115 60 70 70 75 
110 100 100 100 95 95 95 85 85 85 80 80 95 80 85 95 100 90 90 80 70 85 90 65 55 85 90 95 85 85 55 50 75 75 80 85 90 45 35 35 45 35 30 60 80 85 90 105 115 70 80 80 85 
60 50 55 60 55 55 50 45 50 50 40 45 60 40 40 45 50 45 40 35 35 30 55 50 50 45 40 50 35 30 30 35 45 45 50 55 55 50 60 70 40 50 60 27 80 85 90 105 115 35 50 50 55 
80 80 80 70 60 70 80 70 60 60 70 60 60 60 70 80 70 70 80 70 70 80 45 70 70 80 80 80 80 80 80 70 60 45 35 40 70 70 80 80 70 80 80 80 27 30 35 50 60 90 45 50 50 
85 85 85 75 65 75 85 75 65 65 75 65 65 65 75 85 75 75 85 75 75 85 50 75 75 85 85 85 85 85 85 75 65 50 40 45 75 75 85 85 75 85 85 85 30 27 30 45 55 90 45 50 50 
90 90 90 80 70 80 90 80 70 70 80 70 70 70 80 90 80 80 90 80 80 90 55 80 80 90 90 90 90 90 90 80 70 55 45 50 80 80 90 90 80 90 90 90 35 30 27 40 50 90 50 55 55 
105 105 105 95 85 95 105 95 85 85 95 85 85 85 95 105 95 105 95 95 105 70 95 95 95 105 105 105 105 105 105 95 85 70 60 65 95 95 105 105 95 105 105 105 50 45 40 27 35 105 65 70 70 
115 115 115 105 95 105 115 105 95 95 105 95 95 95 105 115 105 105 115 105 105 115 80 105 105 115 115 115 115 115 115 105 95 80 70 75 105 105 115 115 105 115 115 115 60 55 50 35 27 115 75 80 80 
60 45 50 55 50 50 45 45 50 50 45 50 55 55 40 40 50 45 35 40 45 35 60 60 65 35 30 40 30 30 35 45 55 60 65 60 55 60 70 75 50 60 70 35 90 90 90 105 115 27 65 65 70 
60 60 55 50 45 50 50 45 40 35 45 40 40 35 50 55 50 45 55 45 40 50 35 55 60 65 60 60 60 55 45 45 30 35 40 45 55 70 80 90 50 70 80 50 45 45 50 65 75 65 27 30 30 
60 60 60 50 50 55 55 45 40 40 45 40 45 35 50 55 50 45 55 45 40 50 35 55 60 65 60 60 60 55 45 45 30 35 40 45 55 70 80 90 50 70 80 50 50 50 55 70 80 65 30 27 30 
65 65 60 55 50 55 55 50 45 40 50 45 45 40 55 60 55 50 60 50 45 55 40 65 65 70 65 65 65 60 50 50 35 35 40 45 55 75 85 95 55 75 85 55 50 50 55 70 80 70 30 30 27 
