931 1179 947 1179 949 1158 948 1143 940 1119 939 1106 936 1088 935 1077 936 1066 938 1055 940 1049 934 1044 926 1043 914 1041 907 1039 901 1038 888 1061 903 1068 911 1073 917 1077 916 1083 918 1091 921 1103 925 1111 926 1122 931 1138 932 1146 931 1158 
748 1202 756 1174 763 1144 767 1128 770 1115 781 1117 791 1098 802 1075 811 1081 822 1087 827 1091 844 1098 852 1103 869 1112 874 1117 875 1127 875 1145 878 1172 878 1181 853 1180 830 1178 830 1190 831 1205 812 1205 800 1205 792 1202 769 1202 
801 1078 807 1066 812 1055 820 1044 826 1032 829 1026 828 1017 831 1006 846 1011 859 1018 864 1022 866 1026 873 1031 886 1037 901 1038 889 1061 899 1066 919 1078 913 1089 906 1102 882 1090 870 1083 870 1100 870 1115 834 1094 821 1091 817 1085 
866 1022 863 994 863 978 862 966 862 952 861 937 860 927 862 920 870 918 870 905 873 894 877 886 873 879 858 884 850 884 842 884 831 887 820 897 808 911 814 920 814 926 814 934 805 930 798 928 791 925 779 920 773 927 762 940 760 950 760 970 761 974 775 982 785 986 801 995 816 1002 826 1004 833 1000 841 1002 842 1010 854 1017 
680 931 694 939 704 945 716 951 725 956 734 962 745 966 760 973 761 959 761 947 762 942 774 929 779 921 787 925 801 928 814 934 818 924 809 913 796 893 782 870 778 864 788 834 759 834 742 833 733 832 725 833 718 842 714 850 710 857 702 871 694 884 689 892 688 900 688 910 690 916 694 922 692 930 
647 1018 669 1030 692 1042 716 1054 724 1042 737 1017 751 990 761 974 738 962 716 951 702 942 695 951 688 958 681 966 670 977 659 998 
781 1118 786 1109 794 1094 782 1088 762 1078 737 1065 725 1058 717 1054 702 1046 682 1036 665 1026 649 1018 646 1024 640 1035 628 1057 665 1076 686 1086 707 1098 718 1105 751 1112 
578 982 579 966 583 964 594 942 611 912 602 908 590 902 572 892 555 883 543 876 537 887 528 904 519 922 514 926 510 934 502 946 518 954 522 953 540 962 
558 866 588 884 617 898 641 911 665 923 682 932 693 933 694 918 690 912 690 902 690 893 699 876 714 852 727 830 707 831 690 831 676 831 667 831 662 823 612 825 610 846 608 868 590 866 567 865 
591 826 630 826 642 825 661 825 666 831 674 831 683 831 708 832 719 832 734 833 748 834 769 834 788 834 794 820 796 804 796 794 798 785 786 771 776 759 774 769 772 774 757 774 723 774 696 773 683 773 667 772 653 772 639 771 629 770 622 779 617 788 608 802 599 815 
433 909 462 923 484 934 506 944 514 928 518 926 544 878 537 874 510 859 498 852 480 843 478 854 469 850 466 855 440 854 428 878 446 888 
451 828 466 836 482 846 502 855 527 869 572 893 609 912 616 898 591 884 574 874 558 866 571 866 594 867 610 868 611 846 613 826 576 827 556 827 537 828 509 828 484 828 
808 911 819 899 830 888 838 886 845 886 851 885 858 885 869 882 876 878 894 878 894 864 895 845 878 842 865 846 862 838 850 814 838 789 831 776 827 765 818 767 814 772 807 773 802 770 798 775 795 785 794 793 794 806 796 817 792 823 790 833 787 842 783 854 782 866 794 887 795 890 
414 779 414 808 444 823 452 828 466 829 495 829 517 829 538 828 549 828 572 827 590 828 601 810 608 798 617 786 628 770 602 770 577 770 554 770 542 769 518 768 492 767 475 766 453 766 452 781 
486 934 480 946 474 953 493 962 489 971 482 982 502 992 516 999 530 1007 550 1017 570 1027 577 1029 608 1045 629 1056 649 1018 633 1010 610 998 586 985 570 978 520 950 517 952 506 946 504 942 
599 1117 627 1132 653 1146 686 1165 704 1174 711 1179 709 1192 706 1200 727 1202 748 1215 755 1186 763 1155 768 1133 772 1116 756 1114 734 1109 720 1106 706 1098 690 1090 674 1080 665 1096 658 1108 653 1121 638 1111 621 1103 609 1095 
717 1054 735 1064 763 1079 793 1094 802 1079 806 1070 815 1053 822 1044 829 1028 831 1006 804 993 797 992 790 989 759 973 753 986 743 1003 730 1028 724 1041 
588 986 618 1002 649 1019 660 998 670 980 680 967 692 954 703 943 690 937 674 929 652 917 636 908 616 897 607 915 601 928 595 940 589 950 583 961 580 968 580 975 579 980 
506 1017 495 1038 486 1056 518 1074 541 1086 550 1068 562 1074 586 1086 608 1098 636 1113 653 1122 659 1110 663 1102 674 1082 665 1076 647 1066 626 1055 610 1046 578 1029 573 1029 549 1016 525 1003 515 1022 
438 855 403 854 392 874 385 888 376 904 367 922 410 943 435 957 460 970 482 981 493 962 474 954 486 934 467 925 451 918 436 909 446 889 426 878 
332 766 326 805 322 825 319 849 341 850 358 852 385 854 395 854 402 855 410 854 420 854 426 855 445 856 470 857 470 854 480 857 482 846 462 835 437 822 413 809 394 799 365 784 
342 978 376 997 414 1018 454 1040 486 1056 497 1038 506 1019 514 1025 527 1003 509 994 486 983 481 980 471 975 442 958 431 953 414 945 368 921 359 938 353 950 347 965 
644 771 677 773 698 773 734 774 774 774 778 738 766 741 744 744 743 737 750 733 721 699 699 674 678 678 662 680 635 682 638 714 642 757 
307 752 346 773 370 786 384 792 383 729 384 706 384 678 350 660 307 638 307 711 
234 712 267 730 310 753 310 704 309 638 274 620 234 598 233 658 
550 1226 608 1226 666 1226 646 1199 630 1200 636 1188 644 1170 654 1146 629 1134 599 1117 594 1130 587 1144 579 1162 571 1180 561 1201 552 1221 
463 1225 508 1225 551 1225 557 1214 563 1199 570 1185 579 1164 592 1135 603 1111 610 1098 597 1091 576 1081 558 1070 550 1066 542 1082 541 1090 537 1099 526 1118 517 1134 525 1138 533 1142 522 1163 514 1181 506 1202 483 1201 463 1199 
628 1199 669 1202 695 1202 709 1200 710 1192 714 1178 684 1162 653 1145 648 1155 643 1166 636 1184 
378 1116 397 1126 418 1136 450 1153 486 1170 513 1184 526 1158 534 1142 518 1133 528 1113 543 1086 511 1069 481 1052 464 1044 446 1034 442 1044 436 1055 429 1065 407 1055 402 1066 402 1073 397 1085 391 1094 
343 1179 363 1145 382 1110 406 1070 402 1069 406 1060 407 1057 430 1066 449 1036 418 1018 384 1000 342 976 345 1013 345 1042 345 1069 344 1102 343 1142 342 1167 
217 982 271 982 316 981 342 981 343 970 367 920 402 854 371 853 330 851 320 850 316 849 286 846 258 846 238 844 217 842 217 876 217 921 
218 844 256 846 319 848 325 812 333 769 304 754 276 738 258 729 235 718 229 754 221 798 215 825 
412 781 431 781 454 781 454 768 486 768 522 769 554 770 551 749 548 747 550 743 545 731 541 718 534 703 526 686 518 693 510 699 502 705 501 702 499 685 497 666 464 667 454 667 443 668 430 669 414 669 414 704 413 745 
550 750 553 770 580 770 598 770 612 770 631 770 644 772 643 762 642 750 642 736 638 714 635 678 633 653 632 634 628 626 616 622 601 626 588 630 569 636 551 642 545 645 530 651 513 659 496 666 502 706 526 686 532 700 542 725 550 745 553 743 555 748 
664 680 698 676 704 674 725 672 762 668 784 662 781 633 778 610 775 610 757 610 748 611 734 613 719 613 698 615 684 616 663 618 654 619 664 631 649 633 630 634 634 663 634 683 
700 674 727 705 750 733 741 735 742 746 760 743 776 740 774 758 786 770 795 782 798 775 806 768 811 764 825 762 814 736 805 713 796 693 786 665 765 669 758 668 730 671 714 673 
865 1024 882 1034 906 1037 925 1039 939 1041 942 1011 942 991 945 968 947 939 925 934 911 931 910 919 906 889 890 887 877 886 873 889 871 894 870 909 868 924 860 920 862 946 863 988 
158 672 192 690 234 712 234 675 234 640 234 598 199 580 158 558 159 599 158 646 
83 518 83 579 84 633 122 653 159 673 160 622 159 558 126 541 
8 594 43 613 86 635 85 574 85 521 47 500 8 479 8 513 9 542 8 566 
138 786 165 799 191 814 207 822 216 828 224 787 231 749 238 717 209 702 171 683 164 713 159 738 147 731 143 753 
74 754 112 772 141 786 145 758 149 734 160 739 170 697 173 683 154 674 130 662 106 649 87 640 84 674 81 703 78 727 76 741 
2 718 38 736 78 755 82 704 90 641 78 634 48 619 8 599 7 618 6 641 5 668 4 681 2 698 
217 1071 280 1071 343 1072 343 1022 344 980 278 980 217 980 218 994 217 1033 
654 620 674 618 697 616 726 614 748 612 753 610 778 611 774 582 771 558 769 538 753 542 740 545 723 548 691 553 663 558 639 561 621 564 603 567 636 601 
609 566 630 563 655 559 706 552 739 546 735 522 731 493 707 497 691 499 690 487 667 491 667 485 641 489 631 490 633 501 626 502 614 504 604 505 606 525 608 549 
586 428 592 467 596 490 598 499 603 503 612 506 622 504 634 503 633 490 649 490 665 486 667 493 677 491 689 490 690 500 710 498 731 494 743 492 761 490 756 455 753 431 750 408 729 408 721 408 693 412 651 418 619 423 
580 418 654 410 718 402 746 403 743 386 740 364 716 363 680 366 641 369 614 370 581 374 580 398 
579 373 599 371 633 369 655 366 686 365 710 363 742 362 735 327 722 253 698 253 690 253 649 281 610 306 580 326 
345 1178 344 1205 402 1205 407 1193 504 1202 512 1183 472 1165 431 1146 402 1130 379 1117 358 1153 
498 659 521 653 543 646 569 637 596 628 618 621 602 583 586 546 567 556 535 574 516 583 512 601 505 629 
440 665 470 662 499 660 504 640 510 619 514 601 518 585 505 568 488 544 466 514 447 519 446 549 444 582 442 618 441 654 
517 585 550 567 586 547 561 519 542 496 503 506 466 516 492 551 
